216041
134384
126012
118913
59763
52290
50253
48985
43895
41678
40139
39759
36140
34762
34418
31934
30612
27230
24231
24057
20134
18766
18156
16858
16671
16512
15944
15892
15783
15769
15527
15076
15075
14048
14007
13887
13527
13104
12665
12155
11953
11668
10607
10497
10068
10006
9692
9572
9568
9235
8971
8923
8792
8688
8680
8676
8605
8433
8219
8199
8157
8068
8023
7988
7480
7374
7367
7352
7229
7089
7081
6906
6902
6895
6848
6843
6600
6530
6314
6298
6296
6112
5987
5932
5790
5781
5644
5585
5516
5472
5457
5446
5441
5382
5350
5312
5301
5148
4852
4815
4789
4783
4762
4750
4716
4710
4625
4597
4568
4559
4549
4527
4421
4412
4406
4360
4260
4242
4227
4177
4172
4142
4138
4137
4131
4043
4007
4000
3976
3970
3967
3900
3895
3874
3836
3787
3767
3744
3668
3663
3620
3597
3590
3561
3559
3557
3546
3546
3516
3488
3476
3460
3455
3452
3404
3397
3390
3389
3353
3325
3314
3293
3262
3257
3249
3233
3179
3175
3159
3155
3146
3135
3135
3132
3130
3129
3111
3098
3096
3060
3033
3019
2992
2925
2922
2915
2890
2878
2858
2853
2852
2835
2831
2829
2797
2795
2784
2779
2734
2723
2720
2703
2690
2677
2669
2656
2652
2646
2627
2615
2607
2605
2598
2597
2588
2569
2561
2554
2551
2545
2535
2531
2519
2517
2517
2515
2515
2505
2498
2453
2451
2451
2445
2423
2413
2410
2402
2389
2367
2364
2356
2351
2332
2314
2310
2302
2299
2267
2259
2257
2257
2233
2233
2224
2212
2207
2201
2200
2198
2189
2188
2187
2180
2175
2172
2165
2159
2158
2156
2155
2138
2137
2128
2128
2125
2119
2116
2114
2108
2095
2093
2086
2080
2073
2072
2071
2063
2058
2057
2048
2045
2044
2039
2024
2019
2015
1989
1984
1980
1979
1945
1939
1932
1930
1925
1924
1922
1919
1917
1910
1906
1905
1893
1890
1889
1875
1866
1866
1857
1848
1844
1838
1833
1831
1830
1830
1829
1826
1817
1815
1800
1794
1782
1781
1776
1776
1766
1745
1740
1731
1728
1724
1721
1708
1701
1689
1686
1679
1679
1678
1667
1661
1658
1653
1645
1642
1637
1627
1624
1623
1622
1619
1616
1614
1608
1605
1596
1596
1594
1585
1579
1575
1574
1573
1570
1566
1566
1560
1560
1554
1551
1548
1538
1534
1531
1531
1531
1523
1522
1516
1508
1505
1505
1505
1504
1499
1498
1471
1469
1466
1459
1453
1452
1450
1443
1443
1441
1436
1436
1434
1432
1431
1430
1424
1424
1423
1422
1422
1421
1419
1418
1418
1416
1415
1412
1410
1408
1397
1397
1391
1389
1388
1387
1387
1386
1380
1380
1377
1377
1373
1372
1368
1367
1365
1352
1345
1342
1342
1341
1339
1338
1328
1327
1325
1322
1318
1315
1315
1314
1312
1310
1310
1309
1308
1308
1307
1304
1302
1300
1298
1289
1288
1287
1285
1279
1277
1272
1271
1270
1267
1265
1264
1260
1255
1253
1253
1252
1249
1247
1247
1246
1243
1241
1241
1238
1238
1236
1236
1235
1232
1232
1227
1226
1223
1217
1217
1216
1216
1214
1211
1211
1209
1209
1207
1204
1195
1192
1191
1191
1188
1185
1184
1179
1176
1175
1171
1170
1169
1166
1166
1165
1165
1163
1160
1155
1152
1149
1147
1146
1145
1144
1143
1131
1131
1125
1123
1121
1120
1118
1118
1117
1115
1115
1112
1107
1106
1106
1102
1101
1101
1097
1095
1095
1093
1092
1090
1089
1085
1084
1081
1077
1075
1075
1071
1070
1069
1069
1067
1067
1062
1062
1061
1061
1061
1059
1058
1057
1054
1054
1054
1053
1050
1050
1047
1038
1034
1029
1029
1027
1026
1024
1024
1024
1024
1023
1021
1020
1020
1020
1020
1019
1015
1014
1013
1008
1002
999
999
996
994
993
992
991
988
987
985
984
982
981
975
974
972
970
969
965
963
961
959
958
952
951
950
947
946
946
946
945
945
941
939
938
934
933
927
926
924
920
918
918
918
918
916
916
916
916
916
913
912
912
910
909
909
909
909
909
909
903
901
901
900
899
898
897
897
896
895
895
894
893
892
890
890
889
889
889
889
883
882
879
879
878
875
875
873
870
867
866
865
865
864
863
861
860
859
859
859
857
855
853
852
852
852
850
849
849
849
846
845
843
842
842
842
841
840
840
840
839
838
837
837
837
836
836
836
835
834
834
832
832
832
831
826
825
825
825
824
822
822
822
821
820
819
815
815
813
812
810
810
809
808
807
806
806
806
805
805
804
804
803
802
800
799
797
794
794
793
792
791
790
790
790
789
785
785
784
783
782
782
782
779
779
778
776
775
773
772
769
768
767
765
764
763
762
761
758
758
757
755
755
755
754
753
752
752
751
751
746
745
743
743
743
743
742
742
742
741
740
739
739
737
737
737
737
735
734
734
729
729
728
728
727
727
726
726
725
724
723
721
720
720
718
718
717
716
715
714
713
712
711
710
710
709
708
707
707
706
705
704
704
704
703
703
701
701
699
698
698
697
696
695
695
692
691
691
691
690
690
689
687
686
684
683
682
681
681
681
681
681
680
679
678
677
676
676
676
674
673
671
670
670
669
668
667
666
666
665
665
665
664
664
664
662
661
661
660
660
657
657
657
656
656
653
652
651
650
649
649
645
644
643
642
641
640
640
639
639
638
638
637
637
636
635
635
634
634
634
632
632
631
631
629
628
627
626
626
625
624
624
624
624
624
624
623
621
621
621
620
618
617
616
614
614
614
612
612
611
611
611
610
609
608
608
608
608
607
605
605
603
603
602
602
602
602
601
601
601
600
600
599
599
598
598
598
596
596
596
596
595
595
595
593
593
592
592
591
590
590
589
589
587
586
586
585
584
584
584
583
582
582
582
581
580
579
579
577
577
576
576
575
575
574
573
571
571
571
569
569
568
568
568
567
567
567
567
566
566
565
564
563
563
563
562
562
562
561
560
560
557
555
555
555
554
554
554
552
552
551
551
550
550
550
550
550
546
545
545
544
543
543
543
543
543
543
542
541
539
539
539
539
538
538
538
538
537
537
537
536
536
535
535
535
534
534
533
533
532
531
530
529
529
529
529
528
527
527
527
527
525
525
525
525
525
524
524
524
523
523
523
523
523
522
522
522
522
521
521
521
520
519
519
519
518
518
517
517
517
517
517
516
516
515
514
514
514
513
513
513
513
512
512
510
510
510
509
509
509
508
508
508
507
507
507
507
506
506
505
504
503
503
501
500
